param n:= 64; 
param m:= 4; 
param t_max:= 15.0; 
param: utility:= 
0 0
1 6
2 6
3 12
4 6
5 12
6 18
7 12
8 12
9 18
10 24
11 18
12 12
13 18
14 24
15 30
16 24
17 18
18 18
19 24
20 30
21 36
22 30
23 24
24 18
25 24
26 30
27 36
28 42
29 36
30 30
31 24
32 24
33 30
34 36
35 42
36 36
37 30
38 24
39 18
40 24
41 30
42 36
43 30
44 24
45 18
46 18
47 24
48 30
49 24
50 18
51 12
52 18
53 24
54 18
55 12
56 12
57 18
58 12
59 6
60 12
61 6
62 6
63 0
; 
param time: 0 1 2 3 4 5 6 7 8 9 10 11 12 13 14 15 16 17 18 19 20 21 22 23 24 25 26 27 28 29 30 31 32 33 34 35 36 37 38 39 40 41 42 43 44 45 46 47 48 49 50 51 52 53 54 55 56 57 58 59 60 61 62 63 := 
0  0.0 1.41 1.41 2.83 2.0 2.83 4.24 3.16 3.16 4.24 5.66 4.47 4.0 4.47 5.66 7.07 5.83 5.1 5.1 5.83 7.07 8.49 7.21 6.32 6.0 6.32 7.21 8.49 9.9 8.6 7.62 7.07 7.07 7.62 8.6 9.9 10.0 8.94 8.25 8.0 8.25 8.94 10.0 10.3 9.49 9.06 9.06 9.49 10.3 10.77 10.2 10.0 10.2 10.77 11.4 11.05 11.05 11.4 12.17 12.0 12.17 13.04 13.04 14.0 
1  1.41 0.0 2.0 1.41 1.41 3.16 2.83 2.0 2.83 4.47 4.24 3.16 3.16 4.24 5.83 5.66 4.47 4.0 4.47 5.66 7.21 7.07 5.83 5.1 5.1 5.83 7.07 8.6 8.49 7.21 6.32 6.0 6.32 7.21 8.49 10.0 8.6 7.62 7.07 7.07 7.62 8.6 9.9 8.94 8.25 8.0 8.25 8.94 10.0 9.49 9.06 9.06 9.49 10.3 10.2 10.0 10.2 10.77 11.05 11.05 11.4 12.0 12.17 13.04 
2  1.41 2.0 0.0 3.16 1.41 1.41 4.47 2.83 2.0 2.83 5.83 4.24 3.16 3.16 4.24 7.21 5.66 4.47 4.0 4.47 5.66 8.6 7.07 5.83 5.1 5.1 5.83 7.07 10.0 8.49 7.21 6.32 6.0 6.32 7.21 8.49 9.9 8.6 7.62 7.07 7.07 7.62 8.6 10.0 8.94 8.25 8.0 8.25 8.94 10.3 9.49 9.06 9.06 9.49 10.77 10.2 10.0 10.2 11.4 11.05 11.05 12.17 12.0 13.04 
3  2.83 1.41 3.16 0.0 2.0 4.0 1.41 1.41 3.16 5.1 2.83 2.0 2.83 4.47 6.32 4.24 3.16 3.16 4.24 5.83 7.62 5.66 4.47 4.0 4.47 5.66 7.21 8.94 7.07 5.83 5.1 5.1 5.83 7.07 8.6 10.3 7.21 6.32 6.0 6.32 7.21 8.49 10.0 7.62 7.07 7.07 7.62 8.6 9.9 8.25 8.0 8.25 8.94 10.0 9.06 9.06 9.49 10.3 10.0 10.2 10.77 11.05 11.4 12.17 
4  2.0 1.41 1.41 2.0 0.0 2.0 3.16 1.41 1.41 3.16 4.47 2.83 2.0 2.83 4.47 5.83 4.24 3.16 3.16 4.24 5.83 7.21 5.66 4.47 4.0 4.47 5.66 7.21 8.6 7.07 5.83 5.1 5.1 5.83 7.07 8.6 8.49 7.21 6.32 6.0 6.32 7.21 8.49 8.6 7.62 7.07 7.07 7.62 8.6 8.94 8.25 8.0 8.25 8.94 9.49 9.06 9.06 9.49 10.2 10.0 10.2 11.05 11.05 12.0 
5  2.83 3.16 1.41 4.0 2.0 0.0 5.1 3.16 1.41 1.41 6.32 4.47 2.83 2.0 2.83 7.62 5.83 4.24 3.16 3.16 4.24 8.94 7.21 5.66 4.47 4.0 4.47 5.66 10.3 8.6 7.07 5.83 5.1 5.1 5.83 7.07 10.0 8.49 7.21 6.32 6.0 6.32 7.21 9.9 8.6 7.62 7.07 7.07 7.62 10.0 8.94 8.25 8.0 8.25 10.3 9.49 9.06 9.06 10.77 10.2 10.0 11.4 11.05 12.17 
6  4.24 2.83 4.47 1.41 3.16 5.1 0.0 2.0 4.0 6.0 1.41 1.41 3.16 5.1 7.07 2.83 2.0 2.83 4.47 6.32 8.25 4.24 3.16 3.16 4.24 5.83 7.62 9.49 5.66 4.47 4.0 4.47 5.66 7.21 8.94 10.77 5.83 5.1 5.1 5.83 7.07 8.6 10.3 6.32 6.0 6.32 7.21 8.49 10.0 7.07 7.07 7.62 8.6 9.9 8.0 8.25 8.94 10.0 9.06 9.49 10.3 10.2 10.77 11.4 
7  3.16 2.0 2.83 1.41 1.41 3.16 2.0 0.0 2.0 4.0 3.16 1.41 1.41 3.16 5.1 4.47 2.83 2.0 2.83 4.47 6.32 5.83 4.24 3.16 3.16 4.24 5.83 7.62 7.21 5.66 4.47 4.0 4.47 5.66 7.21 8.94 7.07 5.83 5.1 5.1 5.83 7.07 8.6 7.21 6.32 6.0 6.32 7.21 8.49 7.62 7.07 7.07 7.62 8.6 8.25 8.0 8.25 8.94 9.06 9.06 9.49 10.0 10.2 11.05 
8  3.16 2.83 2.0 3.16 1.41 1.41 4.0 2.0 0.0 2.0 5.1 3.16 1.41 1.41 3.16 6.32 4.47 2.83 2.0 2.83 4.47 7.62 5.83 4.24 3.16 3.16 4.24 5.83 8.94 7.21 5.66 4.47 4.0 4.47 5.66 7.21 8.6 7.07 5.83 5.1 5.1 5.83 7.07 8.49 7.21 6.32 6.0 6.32 7.21 8.6 7.62 7.07 7.07 7.62 8.94 8.25 8.0 8.25 9.49 9.06 9.06 10.2 10.0 11.05 
9  4.24 4.47 2.83 5.1 3.16 1.41 6.0 4.0 2.0 0.0 7.07 5.1 3.16 1.41 1.41 8.25 6.32 4.47 2.83 2.0 2.83 9.49 7.62 5.83 4.24 3.16 3.16 4.24 10.77 8.94 7.21 5.66 4.47 4.0 4.47 5.66 10.3 8.6 7.07 5.83 5.1 5.1 5.83 10.0 8.49 7.21 6.32 6.0 6.32 9.9 8.6 7.62 7.07 7.07 10.0 8.94 8.25 8.0 10.3 9.49 9.06 10.77 10.2 11.4 
10  5.66 4.24 5.83 2.83 4.47 6.32 1.41 3.16 5.1 7.07 0.0 2.0 4.0 6.0 8.0 1.41 1.41 3.16 5.1 7.07 9.06 2.83 2.0 2.83 4.47 6.32 8.25 10.2 4.24 3.16 3.16 4.24 5.83 7.62 9.49 11.4 4.47 4.0 4.47 5.66 7.21 8.94 10.77 5.1 5.1 5.83 7.07 8.6 10.3 6.0 6.32 7.21 8.49 10.0 7.07 7.62 8.6 9.9 8.25 8.94 10.0 9.49 10.3 10.77 
11  4.47 3.16 4.24 2.0 2.83 4.47 1.41 1.41 3.16 5.1 2.0 0.0 2.0 4.0 6.0 3.16 1.41 1.41 3.16 5.1 7.07 4.47 2.83 2.0 2.83 4.47 6.32 8.25 5.83 4.24 3.16 3.16 4.24 5.83 7.62 9.49 5.66 4.47 4.0 4.47 5.66 7.21 8.94 5.83 5.1 5.1 5.83 7.07 8.6 6.32 6.0 6.32 7.21 8.49 7.07 7.07 7.62 8.6 8.0 8.25 8.94 9.06 9.49 10.2 
12  4.0 3.16 3.16 2.83 2.0 2.83 3.16 1.41 1.41 3.16 4.0 2.0 0.0 2.0 4.0 5.1 3.16 1.41 1.41 3.16 5.1 6.32 4.47 2.83 2.0 2.83 4.47 6.32 7.62 5.83 4.24 3.16 3.16 4.24 5.83 7.62 7.21 5.66 4.47 4.0 4.47 5.66 7.21 7.07 5.83 5.1 5.1 5.83 7.07 7.21 6.32 6.0 6.32 7.21 7.62 7.07 7.07 7.62 8.25 8.0 8.25 9.06 9.06 10.0 
13  4.47 4.24 3.16 4.47 2.83 2.0 5.1 3.16 1.41 1.41 6.0 4.0 2.0 0.0 2.0 7.07 5.1 3.16 1.41 1.41 3.16 8.25 6.32 4.47 2.83 2.0 2.83 4.47 9.49 7.62 5.83 4.24 3.16 3.16 4.24 5.83 8.94 7.21 5.66 4.47 4.0 4.47 5.66 8.6 7.07 5.83 5.1 5.1 5.83 8.49 7.21 6.32 6.0 6.32 8.6 7.62 7.07 7.07 8.94 8.25 8.0 9.49 9.06 10.2 
14  5.66 5.83 4.24 6.32 4.47 2.83 7.07 5.1 3.16 1.41 8.0 6.0 4.0 2.0 0.0 9.06 7.07 5.1 3.16 1.41 1.41 10.2 8.25 6.32 4.47 2.83 2.0 2.83 11.4 9.49 7.62 5.83 4.24 3.16 3.16 4.24 10.77 8.94 7.21 5.66 4.47 4.0 4.47 10.3 8.6 7.07 5.83 5.1 5.1 10.0 8.49 7.21 6.32 6.0 9.9 8.6 7.62 7.07 10.0 8.94 8.25 10.3 9.49 10.77 
15  7.07 5.66 7.21 4.24 5.83 7.62 2.83 4.47 6.32 8.25 1.41 3.16 5.1 7.07 9.06 0.0 2.0 4.0 6.0 8.0 10.0 1.41 1.41 3.16 5.1 7.07 9.06 11.05 2.83 2.0 2.83 4.47 6.32 8.25 10.2 12.17 3.16 3.16 4.24 5.83 7.62 9.49 11.4 4.0 4.47 5.66 7.21 8.94 10.77 5.1 5.83 7.07 8.6 10.3 6.32 7.21 8.49 10.0 7.62 8.6 9.9 8.94 10.0 10.3 
16  5.83 4.47 5.66 3.16 4.24 5.83 2.0 2.83 4.47 6.32 1.41 1.41 3.16 5.1 7.07 2.0 0.0 2.0 4.0 6.0 8.0 3.16 1.41 1.41 3.16 5.1 7.07 9.06 4.47 2.83 2.0 2.83 4.47 6.32 8.25 10.2 4.24 3.16 3.16 4.24 5.83 7.62 9.49 4.47 4.0 4.47 5.66 7.21 8.94 5.1 5.1 5.83 7.07 8.6 6.0 6.32 7.21 8.49 7.07 7.62 8.6 8.25 8.94 9.49 
17  5.1 4.0 4.47 3.16 3.16 4.24 2.83 2.0 2.83 4.47 3.16 1.41 1.41 3.16 5.1 4.0 2.0 0.0 2.0 4.0 6.0 5.1 3.16 1.41 1.41 3.16 5.1 7.07 6.32 4.47 2.83 2.0 2.83 4.47 6.32 8.25 5.83 4.24 3.16 3.16 4.24 5.83 7.62 5.66 4.47 4.0 4.47 5.66 7.21 5.83 5.1 5.1 5.83 7.07 6.32 6.0 6.32 7.21 7.07 7.07 7.62 8.0 8.25 9.06 
18  5.1 4.47 4.0 4.24 3.16 3.16 4.47 2.83 2.0 2.83 5.1 3.16 1.41 1.41 3.16 6.0 4.0 2.0 0.0 2.0 4.0 7.07 5.1 3.16 1.41 1.41 3.16 5.1 8.25 6.32 4.47 2.83 2.0 2.83 4.47 6.32 7.62 5.83 4.24 3.16 3.16 4.24 5.83 7.21 5.66 4.47 4.0 4.47 5.66 7.07 5.83 5.1 5.1 5.83 7.21 6.32 6.0 6.32 7.62 7.07 7.07 8.25 8.0 9.06 
19  5.83 5.66 4.47 5.83 4.24 3.16 6.32 4.47 2.83 2.0 7.07 5.1 3.16 1.41 1.41 8.0 6.0 4.0 2.0 0.0 2.0 9.06 7.07 5.1 3.16 1.41 1.41 3.16 10.2 8.25 6.32 4.47 2.83 2.0 2.83 4.47 9.49 7.62 5.83 4.24 3.16 3.16 4.24 8.94 7.21 5.66 4.47 4.0 4.47 8.6 7.07 5.83 5.1 5.1 8.49 7.21 6.32 6.0 8.6 7.62 7.07 8.94 8.25 9.49 
20  7.07 7.21 5.66 7.62 5.83 4.24 8.25 6.32 4.47 2.83 9.06 7.07 5.1 3.16 1.41 10.0 8.0 6.0 4.0 2.0 0.0 11.05 9.06 7.07 5.1 3.16 1.41 1.41 12.17 10.2 8.25 6.32 4.47 2.83 2.0 2.83 11.4 9.49 7.62 5.83 4.24 3.16 3.16 10.77 8.94 7.21 5.66 4.47 4.0 10.3 8.6 7.07 5.83 5.1 10.0 8.49 7.21 6.32 9.9 8.6 7.62 10.0 8.94 10.3 
21  8.49 7.07 8.6 5.66 7.21 8.94 4.24 5.83 7.62 9.49 2.83 4.47 6.32 8.25 10.2 1.41 3.16 5.1 7.07 9.06 11.05 0.0 2.0 4.0 6.0 8.0 10.0 12.0 1.41 1.41 3.16 5.1 7.07 9.06 11.05 13.04 2.0 2.83 4.47 6.32 8.25 10.2 12.17 3.16 4.24 5.83 7.62 9.49 11.4 4.47 5.66 7.21 8.94 10.77 5.83 7.07 8.6 10.3 7.21 8.49 10.0 8.6 9.9 10.0 
22  7.21 5.83 7.07 4.47 5.66 7.21 3.16 4.24 5.83 7.62 2.0 2.83 4.47 6.32 8.25 1.41 1.41 3.16 5.1 7.07 9.06 2.0 0.0 2.0 4.0 6.0 8.0 10.0 3.16 1.41 1.41 3.16 5.1 7.07 9.06 11.05 2.83 2.0 2.83 4.47 6.32 8.25 10.2 3.16 3.16 4.24 5.83 7.62 9.49 4.0 4.47 5.66 7.21 8.94 5.1 5.83 7.07 8.6 6.32 7.21 8.49 7.62 8.6 8.94 
23  6.32 5.1 5.83 4.0 4.47 5.66 3.16 3.16 4.24 5.83 2.83 2.0 2.83 4.47 6.32 3.16 1.41 1.41 3.16 5.1 7.07 4.0 2.0 0.0 2.0 4.0 6.0 8.0 5.1 3.16 1.41 1.41 3.16 5.1 7.07 9.06 4.47 2.83 2.0 2.83 4.47 6.32 8.25 4.24 3.16 3.16 4.24 5.83 7.62 4.47 4.0 4.47 5.66 7.21 5.1 5.1 5.83 7.07 6.0 6.32 7.21 7.07 7.62 8.25 
24  6.0 5.1 5.1 4.47 4.0 4.47 4.24 3.16 3.16 4.24 4.47 2.83 2.0 2.83 4.47 5.1 3.16 1.41 1.41 3.16 5.1 6.0 4.0 2.0 0.0 2.0 4.0 6.0 7.07 5.1 3.16 1.41 1.41 3.16 5.1 7.07 6.32 4.47 2.83 2.0 2.83 4.47 6.32 5.83 4.24 3.16 3.16 4.24 5.83 5.66 4.47 4.0 4.47 5.66 5.83 5.1 5.1 5.83 6.32 6.0 6.32 7.07 7.07 8.0 
25  6.32 5.83 5.1 5.66 4.47 4.0 5.83 4.24 3.16 3.16 6.32 4.47 2.83 2.0 2.83 7.07 5.1 3.16 1.41 1.41 3.16 8.0 6.0 4.0 2.0 0.0 2.0 4.0 9.06 7.07 5.1 3.16 1.41 1.41 3.16 5.1 8.25 6.32 4.47 2.83 2.0 2.83 4.47 7.62 5.83 4.24 3.16 3.16 4.24 7.21 5.66 4.47 4.0 4.47 7.07 5.83 5.1 5.1 7.21 6.32 6.0 7.62 7.07 8.25 
26  7.21 7.07 5.83 7.21 5.66 4.47 7.62 5.83 4.24 3.16 8.25 6.32 4.47 2.83 2.0 9.06 7.07 5.1 3.16 1.41 1.41 10.0 8.0 6.0 4.0 2.0 0.0 2.0 11.05 9.06 7.07 5.1 3.16 1.41 1.41 3.16 10.2 8.25 6.32 4.47 2.83 2.0 2.83 9.49 7.62 5.83 4.24 3.16 3.16 8.94 7.21 5.66 4.47 4.0 8.6 7.07 5.83 5.1 8.49 7.21 6.32 8.6 7.62 8.94 
27  8.49 8.6 7.07 8.94 7.21 5.66 9.49 7.62 5.83 4.24 10.2 8.25 6.32 4.47 2.83 11.05 9.06 7.07 5.1 3.16 1.41 12.0 10.0 8.0 6.0 4.0 2.0 0.0 13.04 11.05 9.06 7.07 5.1 3.16 1.41 1.41 12.17 10.2 8.25 6.32 4.47 2.83 2.0 11.4 9.49 7.62 5.83 4.24 3.16 10.77 8.94 7.21 5.66 4.47 10.3 8.6 7.07 5.83 10.0 8.49 7.21 9.9 8.6 10.0 
28  9.9 8.49 10.0 7.07 8.6 10.3 5.66 7.21 8.94 10.77 4.24 5.83 7.62 9.49 11.4 2.83 4.47 6.32 8.25 10.2 12.17 1.41 3.16 5.1 7.07 9.06 11.05 13.04 0.0 2.0 4.0 6.0 8.0 10.0 12.0 14.0 1.41 3.16 5.1 7.07 9.06 11.05 13.04 2.83 4.47 6.32 8.25 10.2 12.17 4.24 5.83 7.62 9.49 11.4 5.66 7.21 8.94 10.77 7.07 8.6 10.3 8.49 10.0 9.9 
29  8.6 7.21 8.49 5.83 7.07 8.6 4.47 5.66 7.21 8.94 3.16 4.24 5.83 7.62 9.49 2.0 2.83 4.47 6.32 8.25 10.2 1.41 1.41 3.16 5.1 7.07 9.06 11.05 2.0 0.0 2.0 4.0 6.0 8.0 10.0 12.0 1.41 1.41 3.16 5.1 7.07 9.06 11.05 2.0 2.83 4.47 6.32 8.25 10.2 3.16 4.24 5.83 7.62 9.49 4.47 5.66 7.21 8.94 5.83 7.07 8.6 7.21 8.49 8.6 
30  7.62 6.32 7.21 5.1 5.83 7.07 4.0 4.47 5.66 7.21 3.16 3.16 4.24 5.83 7.62 2.83 2.0 2.83 4.47 6.32 8.25 3.16 1.41 1.41 3.16 5.1 7.07 9.06 4.0 2.0 0.0 2.0 4.0 6.0 8.0 10.0 3.16 1.41 1.41 3.16 5.1 7.07 9.06 2.83 2.0 2.83 4.47 6.32 8.25 3.16 3.16 4.24 5.83 7.62 4.0 4.47 5.66 7.21 5.1 5.83 7.07 6.32 7.21 7.62 
31  7.07 6.0 6.32 5.1 5.1 5.83 4.47 4.0 4.47 5.66 4.24 3.16 3.16 4.24 5.83 4.47 2.83 2.0 2.83 4.47 6.32 5.1 3.16 1.41 1.41 3.16 5.1 7.07 6.0 4.0 2.0 0.0 2.0 4.0 6.0 8.0 5.1 3.16 1.41 1.41 3.16 5.1 7.07 4.47 2.83 2.0 2.83 4.47 6.32 4.24 3.16 3.16 4.24 5.83 4.47 4.0 4.47 5.66 5.1 5.1 5.83 6.0 6.32 7.07 
32  7.07 6.32 6.0 5.83 5.1 5.1 5.66 4.47 4.0 4.47 5.83 4.24 3.16 3.16 4.24 6.32 4.47 2.83 2.0 2.83 4.47 7.07 5.1 3.16 1.41 1.41 3.16 5.1 8.0 6.0 4.0 2.0 0.0 2.0 4.0 6.0 7.07 5.1 3.16 1.41 1.41 3.16 5.1 6.32 4.47 2.83 2.0 2.83 4.47 5.83 4.24 3.16 3.16 4.24 5.66 4.47 4.0 4.47 5.83 5.1 5.1 6.32 6.0 7.07 
33  7.62 7.21 6.32 7.07 5.83 5.1 7.21 5.66 4.47 4.0 7.62 5.83 4.24 3.16 3.16 8.25 6.32 4.47 2.83 2.0 2.83 9.06 7.07 5.1 3.16 1.41 1.41 3.16 10.0 8.0 6.0 4.0 2.0 0.0 2.0 4.0 9.06 7.07 5.1 3.16 1.41 1.41 3.16 8.25 6.32 4.47 2.83 2.0 2.83 7.62 5.83 4.24 3.16 3.16 7.21 5.66 4.47 4.0 7.07 5.83 5.1 7.21 6.32 7.62 
34  8.6 8.49 7.21 8.6 7.07 5.83 8.94 7.21 5.66 4.47 9.49 7.62 5.83 4.24 3.16 10.2 8.25 6.32 4.47 2.83 2.0 11.05 9.06 7.07 5.1 3.16 1.41 1.41 12.0 10.0 8.0 6.0 4.0 2.0 0.0 2.0 11.05 9.06 7.07 5.1 3.16 1.41 1.41 10.2 8.25 6.32 4.47 2.83 2.0 9.49 7.62 5.83 4.24 3.16 8.94 7.21 5.66 4.47 8.6 7.07 5.83 8.49 7.21 8.6 
35  9.9 10.0 8.49 10.3 8.6 7.07 10.77 8.94 7.21 5.66 11.4 9.49 7.62 5.83 4.24 12.17 10.2 8.25 6.32 4.47 2.83 13.04 11.05 9.06 7.07 5.1 3.16 1.41 14.0 12.0 10.0 8.0 6.0 4.0 2.0 0.0 13.04 11.05 9.06 7.07 5.1 3.16 1.41 12.17 10.2 8.25 6.32 4.47 2.83 11.4 9.49 7.62 5.83 4.24 10.77 8.94 7.21 5.66 10.3 8.6 7.07 10.0 8.49 9.9 
36  10.0 8.6 9.9 7.21 8.49 10.0 5.83 7.07 8.6 10.3 4.47 5.66 7.21 8.94 10.77 3.16 4.24 5.83 7.62 9.49 11.4 2.0 2.83 4.47 6.32 8.25 10.2 12.17 1.41 1.41 3.16 5.1 7.07 9.06 11.05 13.04 0.0 2.0 4.0 6.0 8.0 10.0 12.0 1.41 3.16 5.1 7.07 9.06 11.05 2.83 4.47 6.32 8.25 10.2 4.24 5.83 7.62 9.49 5.66 7.21 8.94 7.07 8.6 8.49 
37  8.94 7.62 8.6 6.32 7.21 8.49 5.1 5.83 7.07 8.6 4.0 4.47 5.66 7.21 8.94 3.16 3.16 4.24 5.83 7.62 9.49 2.83 2.0 2.83 4.47 6.32 8.25 10.2 3.16 1.41 1.41 3.16 5.1 7.07 9.06 11.05 2.0 0.0 2.0 4.0 6.0 8.0 10.0 1.41 1.41 3.16 5.1 7.07 9.06 2.0 2.83 4.47 6.32 8.25 3.16 4.24 5.83 7.62 4.47 5.66 7.21 5.83 7.07 7.21 
38  8.25 7.07 7.62 6.0 6.32 7.21 5.1 5.1 5.83 7.07 4.47 4.0 4.47 5.66 7.21 4.24 3.16 3.16 4.24 5.83 7.62 4.47 2.83 2.0 2.83 4.47 6.32 8.25 5.1 3.16 1.41 1.41 3.16 5.1 7.07 9.06 4.0 2.0 0.0 2.0 4.0 6.0 8.0 3.16 1.41 1.41 3.16 5.1 7.07 2.83 2.0 2.83 4.47 6.32 3.16 3.16 4.24 5.83 4.0 4.47 5.66 5.1 5.83 6.32 
39  8.0 7.07 7.07 6.32 6.0 6.32 5.83 5.1 5.1 5.83 5.66 4.47 4.0 4.47 5.66 5.83 4.24 3.16 3.16 4.24 5.83 6.32 4.47 2.83 2.0 2.83 4.47 6.32 7.07 5.1 3.16 1.41 1.41 3.16 5.1 7.07 6.0 4.0 2.0 0.0 2.0 4.0 6.0 5.1 3.16 1.41 1.41 3.16 5.1 4.47 2.83 2.0 2.83 4.47 4.24 3.16 3.16 4.24 4.47 4.0 4.47 5.1 5.1 6.0 
40  8.25 7.62 7.07 7.21 6.32 6.0 7.07 5.83 5.1 5.1 7.21 5.66 4.47 4.0 4.47 7.62 5.83 4.24 3.16 3.16 4.24 8.25 6.32 4.47 2.83 2.0 2.83 4.47 9.06 7.07 5.1 3.16 1.41 1.41 3.16 5.1 8.0 6.0 4.0 2.0 0.0 2.0 4.0 7.07 5.1 3.16 1.41 1.41 3.16 6.32 4.47 2.83 2.0 2.83 5.83 4.24 3.16 3.16 5.66 4.47 4.0 5.83 5.1 6.32 
41  8.94 8.6 7.62 8.49 7.21 6.32 8.6 7.07 5.83 5.1 8.94 7.21 5.66 4.47 4.0 9.49 7.62 5.83 4.24 3.16 3.16 10.2 8.25 6.32 4.47 2.83 2.0 2.83 11.05 9.06 7.07 5.1 3.16 1.41 1.41 3.16 10.0 8.0 6.0 4.0 2.0 0.0 2.0 9.06 7.07 5.1 3.16 1.41 1.41 8.25 6.32 4.47 2.83 2.0 7.62 5.83 4.24 3.16 7.21 5.66 4.47 7.07 5.83 7.21 
42  10.0 9.9 8.6 10.0 8.49 7.21 10.3 8.6 7.07 5.83 10.77 8.94 7.21 5.66 4.47 11.4 9.49 7.62 5.83 4.24 3.16 12.17 10.2 8.25 6.32 4.47 2.83 2.0 13.04 11.05 9.06 7.07 5.1 3.16 1.41 1.41 12.0 10.0 8.0 6.0 4.0 2.0 0.0 11.05 9.06 7.07 5.1 3.16 1.41 10.2 8.25 6.32 4.47 2.83 9.49 7.62 5.83 4.24 8.94 7.21 5.66 8.6 7.07 8.49 
43  10.3 8.94 10.0 7.62 8.6 9.9 6.32 7.21 8.49 10.0 5.1 5.83 7.07 8.6 10.3 4.0 4.47 5.66 7.21 8.94 10.77 3.16 3.16 4.24 5.83 7.62 9.49 11.4 2.83 2.0 2.83 4.47 6.32 8.25 10.2 12.17 1.41 1.41 3.16 5.1 7.07 9.06 11.05 0.0 2.0 4.0 6.0 8.0 10.0 1.41 3.16 5.1 7.07 9.06 2.83 4.47 6.32 8.25 4.24 5.83 7.62 5.66 7.21 7.07 
44  9.49 8.25 8.94 7.07 7.62 8.6 6.0 6.32 7.21 8.49 5.1 5.1 5.83 7.07 8.6 4.47 4.0 4.47 5.66 7.21 8.94 4.24 3.16 3.16 4.24 5.83 7.62 9.49 4.47 2.83 2.0 2.83 4.47 6.32 8.25 10.2 3.16 1.41 1.41 3.16 5.1 7.07 9.06 2.0 0.0 2.0 4.0 6.0 8.0 1.41 1.41 3.16 5.1 7.07 2.0 2.83 4.47 6.32 3.16 4.24 5.83 4.47 5.66 5.83 
45  9.06 8.0 8.25 7.07 7.07 7.62 6.32 6.0 6.32 7.21 5.83 5.1 5.1 5.83 7.07 5.66 4.47 4.0 4.47 5.66 7.21 5.83 4.24 3.16 3.16 4.24 5.83 7.62 6.32 4.47 2.83 2.0 2.83 4.47 6.32 8.25 5.1 3.16 1.41 1.41 3.16 5.1 7.07 4.0 2.0 0.0 2.0 4.0 6.0 3.16 1.41 1.41 3.16 5.1 2.83 2.0 2.83 4.47 3.16 3.16 4.24 4.0 4.47 5.1 
46  9.06 8.25 8.0 7.62 7.07 7.07 7.21 6.32 6.0 6.32 7.07 5.83 5.1 5.1 5.83 7.21 5.66 4.47 4.0 4.47 5.66 7.62 5.83 4.24 3.16 3.16 4.24 5.83 8.25 6.32 4.47 2.83 2.0 2.83 4.47 6.32 7.07 5.1 3.16 1.41 1.41 3.16 5.1 6.0 4.0 2.0 0.0 2.0 4.0 5.1 3.16 1.41 1.41 3.16 4.47 2.83 2.0 2.83 4.24 3.16 3.16 4.47 4.0 5.1 
47  9.49 8.94 8.25 8.6 7.62 7.07 8.49 7.21 6.32 6.0 8.6 7.07 5.83 5.1 5.1 8.94 7.21 5.66 4.47 4.0 4.47 9.49 7.62 5.83 4.24 3.16 3.16 4.24 10.2 8.25 6.32 4.47 2.83 2.0 2.83 4.47 9.06 7.07 5.1 3.16 1.41 1.41 3.16 8.0 6.0 4.0 2.0 0.0 2.0 7.07 5.1 3.16 1.41 1.41 6.32 4.47 2.83 2.0 5.83 4.24 3.16 5.66 4.47 5.83 
48  10.3 10.0 8.94 9.9 8.6 7.62 10.0 8.49 7.21 6.32 10.3 8.6 7.07 5.83 5.1 10.77 8.94 7.21 5.66 4.47 4.0 11.4 9.49 7.62 5.83 4.24 3.16 3.16 12.17 10.2 8.25 6.32 4.47 2.83 2.0 2.83 11.05 9.06 7.07 5.1 3.16 1.41 1.41 10.0 8.0 6.0 4.0 2.0 0.0 9.06 7.07 5.1 3.16 1.41 8.25 6.32 4.47 2.83 7.62 5.83 4.24 7.21 5.66 7.07 
49  10.77 9.49 10.3 8.25 8.94 10.0 7.07 7.62 8.6 9.9 6.0 6.32 7.21 8.49 10.0 5.1 5.1 5.83 7.07 8.6 10.3 4.47 4.0 4.47 5.66 7.21 8.94 10.77 4.24 3.16 3.16 4.24 5.83 7.62 9.49 11.4 2.83 2.0 2.83 4.47 6.32 8.25 10.2 1.41 1.41 3.16 5.1 7.07 9.06 0.0 2.0 4.0 6.0 8.0 1.41 3.16 5.1 7.07 2.83 4.47 6.32 4.24 5.83 5.66 
50  10.2 9.06 9.49 8.0 8.25 8.94 7.07 7.07 7.62 8.6 6.32 6.0 6.32 7.21 8.49 5.83 5.1 5.1 5.83 7.07 8.6 5.66 4.47 4.0 4.47 5.66 7.21 8.94 5.83 4.24 3.16 3.16 4.24 5.83 7.62 9.49 4.47 2.83 2.0 2.83 4.47 6.32 8.25 3.16 1.41 1.41 3.16 5.1 7.07 2.0 0.0 2.0 4.0 6.0 1.41 1.41 3.16 5.1 2.0 2.83 4.47 3.16 4.24 4.47 
51  10.0 9.06 9.06 8.25 8.0 8.25 7.62 7.07 7.07 7.62 7.21 6.32 6.0 6.32 7.21 7.07 5.83 5.1 5.1 5.83 7.07 7.21 5.66 4.47 4.0 4.47 5.66 7.21 7.62 5.83 4.24 3.16 3.16 4.24 5.83 7.62 6.32 4.47 2.83 2.0 2.83 4.47 6.32 5.1 3.16 1.41 1.41 3.16 5.1 4.0 2.0 0.0 2.0 4.0 3.16 1.41 1.41 3.16 2.83 2.0 2.83 3.16 3.16 4.0 
52  10.2 9.49 9.06 8.94 8.25 8.0 8.6 7.62 7.07 7.07 8.49 7.21 6.32 6.0 6.32 8.6 7.07 5.83 5.1 5.1 5.83 8.94 7.21 5.66 4.47 4.0 4.47 5.66 9.49 7.62 5.83 4.24 3.16 3.16 4.24 5.83 8.25 6.32 4.47 2.83 2.0 2.83 4.47 7.07 5.1 3.16 1.41 1.41 3.16 6.0 4.0 2.0 0.0 2.0 5.1 3.16 1.41 1.41 4.47 2.83 2.0 4.24 3.16 4.47 
53  10.77 10.3 9.49 10.0 8.94 8.25 9.9 8.6 7.62 7.07 10.0 8.49 7.21 6.32 6.0 10.3 8.6 7.07 5.83 5.1 5.1 10.77 8.94 7.21 5.66 4.47 4.0 4.47 11.4 9.49 7.62 5.83 4.24 3.16 3.16 4.24 10.2 8.25 6.32 4.47 2.83 2.0 2.83 9.06 7.07 5.1 3.16 1.41 1.41 8.0 6.0 4.0 2.0 0.0 7.07 5.1 3.16 1.41 6.32 4.47 2.83 5.83 4.24 5.66 
54  11.4 10.2 10.77 9.06 9.49 10.3 8.0 8.25 8.94 10.0 7.07 7.07 7.62 8.6 9.9 6.32 6.0 6.32 7.21 8.49 10.0 5.83 5.1 5.1 5.83 7.07 8.6 10.3 5.66 4.47 4.0 4.47 5.66 7.21 8.94 10.77 4.24 3.16 3.16 4.24 5.83 7.62 9.49 2.83 2.0 2.83 4.47 6.32 8.25 1.41 1.41 3.16 5.1 7.07 0.0 2.0 4.0 6.0 1.41 3.16 5.1 2.83 4.47 4.24 
55  11.05 10.0 10.2 9.06 9.06 9.49 8.25 8.0 8.25 8.94 7.62 7.07 7.07 7.62 8.6 7.21 6.32 6.0 6.32 7.21 8.49 7.07 5.83 5.1 5.1 5.83 7.07 8.6 7.21 5.66 4.47 4.0 4.47 5.66 7.21 8.94 5.83 4.24 3.16 3.16 4.24 5.83 7.62 4.47 2.83 2.0 2.83 4.47 6.32 3.16 1.41 1.41 3.16 5.1 2.0 0.0 2.0 4.0 1.41 1.41 3.16 2.0 2.83 3.16 
56  11.05 10.2 10.0 9.49 9.06 9.06 8.94 8.25 8.0 8.25 8.6 7.62 7.07 7.07 7.62 8.49 7.21 6.32 6.0 6.32 7.21 8.6 7.07 5.83 5.1 5.1 5.83 7.07 8.94 7.21 5.66 4.47 4.0 4.47 5.66 7.21 7.62 5.83 4.24 3.16 3.16 4.24 5.83 6.32 4.47 2.83 2.0 2.83 4.47 5.1 3.16 1.41 1.41 3.16 4.0 2.0 0.0 2.0 3.16 1.41 1.41 2.83 2.0 3.16 
57  11.4 10.77 10.2 10.3 9.49 9.06 10.0 8.94 8.25 8.0 9.9 8.6 7.62 7.07 7.07 10.0 8.49 7.21 6.32 6.0 6.32 10.3 8.6 7.07 5.83 5.1 5.1 5.83 10.77 8.94 7.21 5.66 4.47 4.0 4.47 5.66 9.49 7.62 5.83 4.24 3.16 3.16 4.24 8.25 6.32 4.47 2.83 2.0 2.83 7.07 5.1 3.16 1.41 1.41 6.0 4.0 2.0 0.0 5.1 3.16 1.41 4.47 2.83 4.24 
58  12.17 11.05 11.4 10.0 10.2 10.77 9.06 9.06 9.49 10.3 8.25 8.0 8.25 8.94 10.0 7.62 7.07 7.07 7.62 8.6 9.9 7.21 6.32 6.0 6.32 7.21 8.49 10.0 7.07 5.83 5.1 5.1 5.83 7.07 8.6 10.3 5.66 4.47 4.0 4.47 5.66 7.21 8.94 4.24 3.16 3.16 4.24 5.83 7.62 2.83 2.0 2.83 4.47 6.32 1.41 1.41 3.16 5.1 0.0 2.0 4.0 1.41 3.16 2.83 
59  12.0 11.05 11.05 10.2 10.0 10.2 9.49 9.06 9.06 9.49 8.94 8.25 8.0 8.25 8.94 8.6 7.62 7.07 7.07 7.62 8.6 8.49 7.21 6.32 6.0 6.32 7.21 8.49 8.6 7.07 5.83 5.1 5.1 5.83 7.07 8.6 7.21 5.66 4.47 4.0 4.47 5.66 7.21 5.83 4.24 3.16 3.16 4.24 5.83 4.47 2.83 2.0 2.83 4.47 3.16 1.41 1.41 3.16 2.0 0.0 2.0 1.41 1.41 2.0 
60  12.17 11.4 11.05 10.77 10.2 10.0 10.3 9.49 9.06 9.06 10.0 8.94 8.25 8.0 8.25 9.9 8.6 7.62 7.07 7.07 7.62 10.0 8.49 7.21 6.32 6.0 6.32 7.21 10.3 8.6 7.07 5.83 5.1 5.1 5.83 7.07 8.94 7.21 5.66 4.47 4.0 4.47 5.66 7.62 5.83 4.24 3.16 3.16 4.24 6.32 4.47 2.83 2.0 2.83 5.1 3.16 1.41 1.41 4.0 2.0 0.0 3.16 1.41 2.83 
61  13.04 12.0 12.17 11.05 11.05 11.4 10.2 10.0 10.2 10.77 9.49 9.06 9.06 9.49 10.3 8.94 8.25 8.0 8.25 8.94 10.0 8.6 7.62 7.07 7.07 7.62 8.6 9.9 8.49 7.21 6.32 6.0 6.32 7.21 8.49 10.0 7.07 5.83 5.1 5.1 5.83 7.07 8.6 5.66 4.47 4.0 4.47 5.66 7.21 4.24 3.16 3.16 4.24 5.83 2.83 2.0 2.83 4.47 1.41 1.41 3.16 0.0 2.0 1.41 
62  13.04 12.17 12.0 11.4 11.05 11.05 10.77 10.2 10.0 10.2 10.3 9.49 9.06 9.06 9.49 10.0 8.94 8.25 8.0 8.25 8.94 9.9 8.6 7.62 7.07 7.07 7.62 8.6 10.0 8.49 7.21 6.32 6.0 6.32 7.21 8.49 8.6 7.07 5.83 5.1 5.1 5.83 7.07 7.21 5.66 4.47 4.0 4.47 5.66 5.83 4.24 3.16 3.16 4.24 4.47 2.83 2.0 2.83 3.16 1.41 1.41 2.0 0.0 1.41 
63  14.0 13.04 13.04 12.17 12.0 12.17 11.4 11.05 11.05 11.4 10.77 10.2 10.0 10.2 10.77 10.3 9.49 9.06 9.06 9.49 10.3 10.0 8.94 8.25 8.0 8.25 8.94 10.0 9.9 8.6 7.62 7.07 7.07 7.62 8.6 9.9 8.49 7.21 6.32 6.0 6.32 7.21 8.49 7.07 5.83 5.1 5.1 5.83 7.07 5.66 4.47 4.0 4.47 5.66 4.24 3.16 3.16 4.24 2.83 2.0 2.83 1.41 1.41 0.0 
; 
